-1.3134975371579983e-05
-1.6443895576552095e-05
1.8367285024143348e-05
9.088801119421988e-05
0.00011803657625448805
-1.9610882392018073e-05
-0.000310885460412312
-0.00048302751885964136
-0.0001552999465040941
0.0006989653256039417
0.0014018051742722862
0.0009190799335278986
-0.0010478686100317501
-0.0031560708099775603
-0.002991515958019747
0.0006799677030246806
0.005747223180443786
0.007311518175112006
0.0017611587860401983
-0.008526567698746247
-0.014833857989278304
-0.008505471844884725
0.009794059306623434
0.026524703453558042
0.02344862019198506
-0.0059852601905705256
-0.04479569560562923
-0.057676894111663365
-0.013838594736898557
0.08725308392760563
0.20754176727407603
0.2890500710246881
0.2890500710246881
0.20754176727407603
0.08725308392760563
-0.013838594736898557
-0.057676894111663365
-0.04479569560562923
-0.0059852601905705256
0.02344862019198506
0.026524703453558042
0.009794059306623434
-0.008505471844884725
-0.014833857989278304
-0.008526567698746247
0.0017611587860401983
0.007311518175112006
0.005747223180443786
0.0006799677030246806
-0.002991515958019747
-0.0031560708099775603
-0.0010478686100317501
0.0009190799335278986
0.0014018051742722862
0.0006989653256039417
-0.0001552999465040941
-0.00048302751885964136
-0.000310885460412312
-1.9610882392018073e-05
0.00011803657625448805
9.088801119421988e-05
1.8367285024143348e-05
-1.6443895576552095e-05
-1.3134975371579983e-05
